# 35040.1 combined
2002.29 0 167.68118881512
2002.37 70.2376 152.165262744293
2002.62 -213.801 106.416191213762
2002.7 -276.235 145.461195075649
2002.79 -242.276 91.0975304957344
2002.87 -190.355 96.9747621225959
2002.95 -155.696 102.876882524409
2003.04 -106.999 138.851750807729
2003.12 -81.9427 105.237229279475
2003.2 -27.7725 85.9146777005426
2003.29 -12.0473 78.2811179706878
2003.37 -0.159809 98.6159172869531
2003.54 -201.593 69.0446622605981
2003.62 -358.347 71.569005167691
2003.7 -385.537 69.8204958332602
2003.79 -375.253 68.5857516579265
2003.87 -377.833 72.8932867457018
2003.95 -332.194 68.4019971324166
2004.04 -308.614 105.567276386995
2004.12 -343.632 74.5885310822246
2004.2 -291.124 65.6661238140759
2004.29 -230.435 68.3163311411193
2004.37 -244.945 76.5966176345977
2004.45 -284.539 66.3276246021287
2004.54 -386.697 64.4447084265771
2004.62 -518.342 70.9125770035154
2004.7 -574.782 71.8848154865084
2004.79 -596.261 63.9199393947227
2004.87 -563.71 69.3695632956008
2004.95 -500.492 73.5319512229897
2005.04 -507.233 66.7181132915832
2005.12 -434.103 75.8824129741872
2005.2 -398.481 77.7654870735965
2005.29 -384.695 74.8398612544149
2005.37 -381.429 77.6591114927107
2005.45 -418.364 81.2739818197151
2005.54 -558.929 73.3518718357833
2005.62 -774.19 72.6271102531405
2005.7 -861.602 73.7163459940777
2005.79 -842.388 70.3416309619046
2005.87 -832.74 74.9826007167598
2005.95 -768.211 102.384307757378
2006.04 -751.461 82.0565149972113
2006.12 -712.96 81.084022266106
2006.2 -709.143 74.776620535493
2006.29 -700.759 74.1712921125295
2006.37 -703.84 69.9673142048947
2006.45 -707.477 84.3461879746556
2006.54 -788.379 81.127161608569
2006.62 -945.225 67.9571517531574
2006.7 -1027.61 80.9270926178913
2006.79 -1047.18 72.1962767238259
2006.87 -1028.5 68.5831646778896
2006.95 -995.185 76.2598020234955
2007.04 -967.312 77.8538067286608
2007.12 -952.831 74.0520937695606
2007.2 -935.764 69.5005861684087
2007.29 -914.119 70.308241689587
2007.37 -911.032 68.2199306466257
2007.45 -933.709 69.2900801142123
2007.54 -1107.47 67.6119148039386
2007.62 -1307.8 77.2145807923091
2007.7 -1372.61 81.8534813076514
2007.79 -1388.42 82.1815998241151
2007.87 -1347.51 86.5722799282016
2007.95 -1294.8 79.0710651625663
2008.04 -1267.21 75.0518516939507
2008.12 -1220.34 87.4058094340423
2008.2 -1172.1 75.7604124399015
2008.29 -1186.18 82.9633212009744
2008.37 -1214.48 77.4463554127227
2008.45 -1234.6 68.7704568480427
2008.54 -1400.62 74.4645985991204
2008.62 -1584.75 68.9488482725608
2008.7 -1632.23 72.472570120513
2008.79 -1617.52 69.8574629783076
2008.87 -1548.89 81.8182175082067
2008.95 -1482.93 80.9450327782282
2009.04 -1415.1 79.1542741846457
2009.12 -1444.81 83.6661278780006
2009.2 -1452.66 82.3411048439595
2009.29 -1469.73 68.0797278579957
2009.37 -1430.71 66.7864188412061
2009.45 -1447 71.3693274415647
2009.54 -1531.46 84.9672568710111
2009.62 -1766.09 81.361371782459
2009.7 -1842.42 80.1720768442741
2009.79 -1816.96 85.1282697849611
2009.87 -1830.12 82.6449102759683
2009.95 -1769.81 82.6959694534702
2010.04 -1724.21 83.8312585557747
2010.12 -1696.26 85.0705259554268
2010.2 -1706.02 84.942518348225
2010.29 -1709.22 83.0666854016394
2010.37 -1708.35 81.4016254221438
2010.45 -1763.12 89.9377693890442
2010.54 -1980.97 70.4153322423104
2010.62 -2196.97 63.1469897902964
2010.7 -2315.82 65.3570240847817
2010.79 -2285.21 66.4190819789015
2010.87 -2265.46 68.8035630598121
2010.95 -2240.63 73.3217048875012
2011.12 -2167.25 90.4059175104283
2011.2 -2156.11 68.8636862437007
2011.29 -2126.47 65.686060905941
2011.37 -2160 63.3266187571544
2011.54 -2384.74 71.0236846399946
2011.62 -2600.14 65.466552356009
2011.7 -2643.1 64.0394876160886
2011.79 -2661.46 64.0907853446489
2011.87 -2607.09 68.759534495256
2011.95 -2562.76 66.1837621342699
2012.04 -2607.54 58.1633444256194
2012.12 -2584.24 58.8578470858614
2012.2 -2524.51 57.7444027865035
2012.29 -2513.59 62.8522766300926
2012.45 -2554.16 63.8984275642914
2012.54 -2750.57 61.0868187208859
2012.62 -3101.61 53.9161031475958
2012.7 -3193.43 60.5168163007441
2012.87 -3168.55 63.4434836523311
2012.95 -3145.04 57.229611202938
2013.04 -3111.81 55.1880103379044
2013.12 -3089.88 58.3822641749705
2013.29 -3090.3 67.5200031983423
2013.37 -3029.01 55.3190511267271
2013.45 -3005.64 57.6150861451119
2013.54 -3150.96 55.6352548429209
2013.79 -3266.22 56.8387326013913
2013.87 -3237.27 56.8356275954708
2013.95 -3198.43 58.0284800819448
2014.04 -3154.07 75.1196375271131
2014.2 -3109.38 51.263412740072
2014.29 -3117.41 50.5297143316942
2014.37 -3093.24 47.5777348416179
2014.45 -3123.38 52.910819394231
2014.62 -3480.4 45.9824288333178
2014.7 -3496.62 46.2986165433758
2014.79 -3496.45 44.2199550654055
2014.87 -3437.47 44.1325300283198
2015.04 -3405.32 74.251731686475
2015.12 -3313.49 84.4860523233571
2015.2 -3325.77 43.7227415718298
2015.29 -3326.68 42.3765122594845
2015.32 -3406.97 42.2466397643505
2015.54 -3589.36 48.0144505257347
2015.62 -3693.52 39.0821114321466
2015.7 -3704.18 41.3828566164967
2015.95 -3576.77 49.7140212925315
2016.04 -3572.65 41.7004937492474
2016.12 -3588.29 40.6404647183144
2016.2 -3533.74 41.257967977727
2016.37 -3519.39 44.8461838212893
2016.45 -3586.12 41.079890514473
2016.54 -3789.82 41.4815096918789
2016.62 -3975.06 50.691980821879
2016.87 -3845.86 56.7712315656225
2016.95 -3822.07 53.0205484085808
2017.04 -3582.37 60.6485064893951
2017.2 -3743.69 65.5546215202655
2017.29 -3767.9 61.8160216967283
2017.37 -3818.53 46.9442204492243
2017.45 -3779.71 76.1564795952365
2018.45 -3893.62 49.1279367893479
2018.54 -3981.34 58.5571982376815
2018.79 -4096.69 70.821526500692
2018.87 -4066.89 51.199406077055
2018.95 -4031.14 49.1626469542568
2019.04 -4045.24 50.7897708268629
2019.12 -4037.22 62.288760610177
2019.2 -4028.98 50.8514143150952
2019.29 -4038.98 52.5628518262318
2019.37 -4056.38 49.048177147852
2019.45 -4112.17 48.9932908680661
2019.54 -4354.41 48.8737453581717
2019.62 -4592.73 49.9007068559952
2019.7 -4672.73 54.921287423361
2019.79 -4669.42 50.6894585443576
2019.87 -4624.58 51.3261754407662
2019.95 -4569.99 50.9875442296823
2020.04 -4534.84 56.5158251338471
2020.12 -4516.02 59.6167380429271
2020.2 -4578.28 51.0558188597577
2020.29 -4617.8 51.3043265736251
2020.37 -4566.05 50.5337094212074
2020.45 -4634.22 51.4569928825285
2020.54 -4815.78 51.4155955424592
2020.62 -4949.02 51.1132952538197
2020.7 -4881.47 51.2375331017946
2020.79 -4814.42 50.3837649490707
2020.87 -4788.81 53.9047561845715
2020.95 -4751.02 52.4226837939537
2021.04 -4652.14 51.6568503087666
2021.12 -4748.99 53.428320212054
2021.2 -4717.44 50.0276255236739
2021.29 -4681.3 49.2436611764103
2021.37 -4767.51 50.2534399801355
2021.45 -4847.46 52.4351950816036
2021.54 -4871.47 49.88875572783
2021.62 -5032.79 49.3394721692627
2021.7 -5027.29 49.6561318893064
2021.79 -5108.16 47.1873138717733
