"time_GRACE" "GRACE_GIA_hydro" "err_plot"
"1" 2002.29 0 34.6793398124928
"2" 2002.37 -9.80544203568507 24.968392665446
"3" NA NA NA
"4" 2002.62 -23.3906066538404 17.6764904335037
"5" 2002.7 -46.7807916700208 22.4787650351996
"6" 2002.79 -30.9776686423688 14.1585342155474
"7" 2002.87 -26.8183398598009 15.2364091296211
"8" 2002.95 -15.0373748527831 16.7968507995974
"9" 2003.04 -7.86521111626481 23.3791236280948
"10" 2003.12 -8.02075050523408 16.4996921709229
"11" 2003.2 -16.0363101837184 13.2039516585442
"12" 2003.29 -23.6105016401904 12.0290588407507
"13" 2003.37 -21.025699954193 14.9164128290635
"14" NA NA NA
"15" 2003.54 -29.48406958059 10.6772912817621
"16" 2003.62 -32.8059818592073 10.9464576945223
"17" 2003.7 -49.9234050292097 10.8272760487017
"18" 2003.79 -39.6506050303812 10.6577293558466
"19" 2003.87 -10.6956913906981 11.2777550603193
"20" 2003.95 -26.032343002004 10.6384951030598
"21" 2004.04 -15.7475660823225 16.3539355728813
"22" 2004.12 -20.5499106992029 11.6722083713257
"23" 2004.2 -13.834833102604 10.4674582839077
"24" 2004.29 -18.8852697999374 11.0451115551798
"25" 2004.37 -16.2633648231925 12.30858058156
"26" 2004.45 -35.2787292186599 10.7178855030362
"27" 2004.54 -45.0112287225644 10.4562538264283
"28" 2004.62 -69.8664426863991 11.2321687078566
"29" 2004.7 -80.3144426863997 11.4315682356796
"30" 2004.79 -77.9015319995157 10.5902721464522
"31" 2004.87 -86.1487529691071 11.5323144405635
"32" 2004.95 -86.2954774139087 11.7640498363301
"33" 2005.04 -56.0914249182156 10.8259851248844
"34" 2005.12 -56.7734582242185 12.4426335705852
"35" 2005.2 -51.6825068322295 12.9331060518935
"36" 2005.29 -48.9269768311835 12.6780244387977
"37" 2005.37 -55.7016790407987 13.5040823123991
"38" 2005.45 -57.3204322118236 14.0988780133618
"39" 2005.54 -65.8745831780975 12.5820793617921
"40" 2005.62 -92.576650946437 12.2653161326931
"41" 2005.7 -98.72991274451 12.5077761623365
"42" 2005.79 -82.5589727039452 11.9281906924732
"43" 2005.87 -63.1640000862177 12.6348884896511
"44" 2005.95 -51.965493899838 17.739104055793
"45" 2006.04 -42.842532424962 14.2360787403419
"46" 2006.12 -60.6683500444059 13.6142298122775
"47" 2006.2 -67.6714616583906 12.3304453592817
"48" 2006.29 -47.8614369071802 12.2529465421256
"49" 2006.37 -55.8489544689713 11.5694944591265
"50" 2006.45 -64.5255197689116 13.4865438918599
"51" 2006.54 -64.8731316733504 13.1465709760403
"52" 2006.62 -87.0776346253552 11.0561561692253
"53" 2006.7 -92.0716619806411 12.9341628766879
"54" 2006.79 -85.8625866631857 11.5749325019568
"55" 2006.87 -76.3633601580906 11.2406122290336
"56" 2006.95 -66.3835818235167 12.7228807885993
"57" 2007.04 -61.2174144787033 13.4073506161386
"58" 2007.12 -85.7827331450327 12.6208141262803
"59" 2007.2 -93.7605232164209 11.5374263870878
"60" 2007.29 -77.4840769664741 11.6666604597933
"61" 2007.37 -70.6697991122425 11.3986204873129
"62" 2007.45 -76.4614375807502 11.4999335373524
"63" 2007.54 -95.1038488318014 11.4391673462809
"64" 2007.62 -118.49022980549 12.8953503397012
"65" 2007.7 -123.930334671902 13.5924889946214
"66" 2007.79 -122.470945643842 13.8050999028524
"67" 2007.87 -98.3484398372438 14.3857539105207
"68" 2007.95 -101.212471598788 12.9198234069282
"69" 2008.04 -99.6740863018813 12.2108724276675
"70" 2008.12 -88.4749367302691 14.2118730945405
"71" 2008.2 -96.9582304959827 12.48168430923
"72" 2008.29 -89.1327867017298 13.6767067329846
"73" 2008.37 -86.8008355680974 12.6667675900246
"74" 2008.45 -98.783164351382 11.1771190634911
"75" 2008.54 -102.427440388024 12.3005613155348
"76" 2008.62 -131.678778716176 11.5550390528154
"77" 2008.7 -133.46789227798 12.2349689534601
"78" 2008.79 -116.114195148388 11.6263010326133
"79" 2008.87 -118.405589903344 13.4312736605951
"80" 2008.95 -105.570076913637 13.0674008472351
"81" 2009.04 -105.673197771584 12.84106329922
"82" 2009.12 -93.5038738039443 13.6865749915685
"83" 2009.2 -94.4769141327735 13.5065003456314
"84" 2009.29 -96.6786940495162 11.0990541856586
"85" 2009.37 -96.690485732125 10.8807423681845
"86" 2009.45 -109.216501017048 11.8536949769668
"87" 2009.54 -117.096028028801 14.2259057489587
"88" 2009.62 -104.596396707395 13.5702641048156
"89" 2009.7 -124.370184363944 13.3705853311791
"90" 2009.79 -130.488375280011 14.0563196433501
"91" 2009.87 -103.247556496032 13.5612054711056
"92" 2009.95 -85.5720657915613 13.6614858275607
"93" 2010.04 -84.4600822865898 13.7693607992211
"94" 2010.12 -81.9448186051573 13.8540219269795
"95" 2010.2 -106.805464275525 13.971665135983
"96" 2010.29 -92.2652269750637 13.8286854429533
"97" 2010.37 -88.5412684555576 13.7177964380999
"98" 2010.45 -102.099680442347 14.8527585028543
"99" 2010.54 -107.235394941254 11.4696650410871
"100" 2010.62 -121.529316070494 10.2163078206556
"101" 2010.7 -124.148367649542 10.5687719412701
"102" 2010.79 -121.240162151485 10.8083264389192
"103" 2010.87 -119.28450190608 11.2477051912841
"104" 2010.95 -103.188972321922 12.1051250009815
"105" NA NA NA
"106" 2011.12 -91.21464740072 14.9518837265033
"107" 2011.2 -105.538075461734 11.4068827423234
"108" 2011.29 -85.8376055220006 10.6940824702744
"109" 2011.37 -86.2653010989261 10.3696148016297
"110" NA NA NA
"111" 2011.54 -130.61846671582 11.7418111063727
"112" 2011.62 -127.94739604095 10.803561376207
"113" 2011.7 -145.991072026753 10.4682159852463
"114" 2011.79 -146.066232158671 10.6111878028998
"115" 2011.87 -136.508096993869 11.9539496640996
"116" 2011.95 -119.857580427239 11.8202348281514
"117" 2012.04 -103.205834602826 9.93671940975866
"118" 2012.12 -128.662671978737 9.54927949005316
"119" 2012.2 -112.173544428156 9.38795144940696
"120" 2012.29 -116.019394461953 10.6313543463636
"121" 2012.45 -116.135658814024 10.1506651594394
"122" 2012.54 -138.791100692219 9.31178640959312
"123" 2012.62 -149.155526010041 8.72519397360659
"124" 2012.7 -148.520441325979 9.8967202394064
"125" NA NA NA
"126" 2012.87 -143.400920071795 10.4435335095112
"127" 2012.95 -132.458127050563 9.47497955432545
"128" 2013.04 -150.183817490328 9.22983247838341
"129" 2013.12 -140.047763973317 9.70998441040495
"130" NA NA NA
"131" 2013.29 -142.061548976382 11.2559666893004
"132" 2013.37 -138.923177359565 9.43379378976438
"133" 2013.45 -135.636811982643 9.78420566288734
"134" 2013.54 -158.326953979335 9.55202107436604
"135" NA NA NA
"136" 2013.79 -179.907673074782 10.2976810059179
"137" 2013.87 -202.78108103332 10.2510946477908
"138" 2013.95 -179.356822552191 10.1902556477089
"139" 2014.04 -155.726283867876 13.0647008214617
"140" 2014.2 -180.931690803964 8.88441557699278
"141" 2014.29 -191.582519964726 8.85082774927204
"142" 2014.37 -181.72038160452 8.44312188518719
"143" 2014.45 -176.54292945559 9.18885287574734
"144" NA NA NA
"145" 2014.62 -206.093014125308 7.93766286690857
"146" 2014.7 -203.28886872343 8.03746684892408
"147" 2014.79 -180.126344928622 7.68024352218543
"148" 2014.87 -182.574953564531 7.74498293953476
"149" NA NA NA
"150" 2015.04 -159.704902449842 12.11789205574
"151" 2015.12 -176.939794676069 15.9608898756135
"152" 2015.2 -167.33943133125 7.71687073892313
"153" 2015.29 -153.156360645408 7.68834036573036
"154" 2015.32 -167.293851182638 7.70009891329852
"155" NA NA NA
"156" 2015.54 -201.184550084331 8.38746918216421
"157" 2015.62 -206.115652151953 7.10661975062229
"158" 2015.7 -210.579930862464 7.51860997114757
"159" NA NA NA
"160" 2015.95 -201.787860203727 9.19771586514411
"161" 2016.04 -195.930329518601 7.74038570899712
"162" 2016.12 -194.559613277452 7.54643783238857
"163" 2016.2 -200.31127128968 7.76780079724059
"164" NA NA NA
"165" 2016.37 -191.734685029421 7.8725906685833
"166" 2016.45 -194.490577812005 7.51084627497188
"167" 2016.54 -220.425142951091 7.35564391240159
"168" 2016.62 -254.758426665419 8.28834787398594
"169" NA NA NA
"170" 2016.87 -216.090321413865 11.4710077931044
"171" 2016.95 -169.824989732188 11.6025644215573
"172" 2017.04 -207.560144219539 12.6742975066119
"173" 2017.2 -211.821817469172 12.3949442945771
"174" 2017.29 -223.231359322897 10.9748828279697
"175" 2017.37 -227.022935010859 8.31127282450956
"176" 2017.45 -227.491105365606 13.1618126917008
"177" NA NA NA
"178" 2018.45 -255.717004598788 9.20156207863795
"179" 2018.54 -258.108086101085 9.47697245612045
"180" NA NA NA
"181" 2018.79 -251.297417326626 12.099298252316
"182" 2018.87 -258.334641997476 8.47035776674223
"183" 2018.95 -277.072017581779 7.58500380162428
"184" 2019.04 -253.092985069652 7.79164331211073
"185" 2019.12 -245.696722694789 10.2777766583553
"186" 2019.2 -260.812732764802 8.28053746484866
"187" 2019.29 -261.755740521638 8.18143047248761
"188" 2019.37 -264.208610661355 7.68660645509307
"189" 2019.45 -267.178793629347 7.69020900984665
"190" 2019.54 -272.182662761408 7.67480603312454
"191" 2019.62 -286.465753618509 7.73867784628203
"192" 2019.7 -289.341536561871 8.1798427056683
"193" 2019.79 -291.977049379453 7.75618175379535
"194" 2019.87 -290.350349745108 10.0561119087079
"195" 2019.95 -262.671141453055 10.2597782210676
"196" 2020.04 -277.378468264173 11.1846532229711
"197" 2020.12 -295.280871056426 12.0517651003774
"198" 2020.2 -308.591633823587 10.3429940657328
"199" 2020.29 -295.070052899412 10.3189930011674
"200" 2020.37 -282.738789667097 10.2415971660781
"201" 2020.45 -303.437159512505 10.428807598547
"202" 2020.54 -319.857626424376 10.5410873348216
"203" 2020.62 -359.537678835394 10.6820526468357
"204" 2020.7 -368.65420760504 10.543383579536
"205" 2020.79 -358.345982040266 10.3640494923907
"206" 2020.87 -350.447860185041 11.0757761619783
"207" 2020.95 -345.99499877695 11.0003150914266
"208" 2021.04 -318.579619310841 10.8134797825723
"209" 2021.12 -351.295418654601 11.0303581501381
"210" 2021.2 -344.520701104506 10.2120778732968
"211" 2021.29 -357.636577229476 9.98792705196993
"212" 2021.37 -351.152258307837 10.3774425872896
"213" 2021.45 -349.609229285461 10.8690715553605
"214" 2021.54 -357.331546565369 10.3164569871828
"215" 2021.62 -374.522671642444 9.96274192877993
"216" 2021.7 -364.697042731033 10.0525371878775
"217" 2021.79 -412.276042731033 11.773068846452
