"time_GRACE" "GRACE_GIA_hydro" "err_plot"
"1" 2002.29 0 40.9948347361204
"2" 2002.37 15.7289661046987 36.1988607390253
"3" NA NA NA
"4" 2002.62 -34.3162877594449 25.1471541989429
"5" 2002.7 -78.0465195921011 33.4684848415333
"6" 2002.79 -70.4828193369664 20.9075193659317
"7" 2002.87 -65.0199408112673 22.1678994431201
"8" 2002.95 -51.408011789143 23.8803549840436
"9" 2003.04 -52.8423633556064 33.4517326788911
"10" 2003.12 -49.1463473192962 24.6624605740715
"11" 2003.2 -18.0155199533275 19.6487475576179
"12" 2003.29 -7.13428189419832 17.9265828397603
"13" 2003.37 -17.2433607021826 22.5274512602019
"14" NA NA NA
"15" 2003.54 -65.0006564701592 15.7753229857197
"16" 2003.62 -85.8348849741953 16.4107211645656
"17" 2003.7 -86.1564110464029 16.0071715150861
"18" 2003.79 -85.7751837283137 15.7243958636575
"19" 2003.87 -72.2608851969219 16.8015071071023
"20" 2003.95 -77.2886965104039 15.7922812586665
"21" 2004.04 -56.6530340242445 24.6455312901487
"22" 2004.12 -53.4699205078479 17.2990660041463
"23" 2004.2 -59.2566253233397 15.2039849102778
"24" 2004.29 -34.396663288152 15.8530985578524
"25" 2004.37 -36.6935797793707 17.8223023830411
"26" 2004.45 -31.0423390534645 15.4161194310488
"27" 2004.54 -55.163138426634 14.981043107188
"28" 2004.62 -73.3741823103546 16.3028911732092
"29" 2004.7 -86.0568476132612 16.5663418011056
"30" 2004.79 -86.4812339275319 14.9675940270587
"31" 2004.87 -71.4351322575823 16.2800128735264
"32" 2004.95 -54.1364434256008 17.0888211153651
"33" 2005.04 -38.3252194717862 15.4909553582161
"34" 2005.12 -44.8045306258022 17.6519597016577
"35" 2005.2 -27.0241888589976 18.0601757618752
"36" 2005.29 -26.7489482562083 17.4081091470385
"37" 2005.37 -12.1559737245035 18.2103433147907
"38" 2005.45 14.0744504095757 19.0471059906211
"39" 2005.54 -56.2101521071193 17.1731183875371
"40" 2005.62 -100.270409007297 16.9928461737353
"41" 2005.7 -112.043211934904 17.2745439727993
"42" 2005.79 -106.3309684453 16.4781101897513
"43" 2005.87 -81.9953393459221 17.5655006838741
"44" 2005.95 -82.8740640253562 24.0967889675721
"45" 2006.04 -78.7188400763962 19.3141368434884
"46" 2006.12 -59.4159291947714 18.8631875918107
"47" 2006.2 -71.8866046978863 17.3412106811942
"48" 2006.29 -39.2945567031388 17.1132376856733
"49" 2006.37 -35.4107596299178 16.0791790425467
"50" 2006.45 -34.6757469750664 19.3335814532531
"51" 2006.54 -99.0606929091619 18.3548077564944
"52" 2006.62 -132.769375790924 15.4969925154601
"53" 2006.7 -145.748177173513 18.6128811299543
"54" 2006.79 -126.286171598431 16.6512170570484
"55" 2006.87 -133.283968488939 15.9412585177487
"56" 2006.95 -95.3197168174318 17.8316299201773
"57" 2007.04 -120.575371092984 18.405900622495
"58" 2007.12 -119.557447402744 17.4391053165724
"59" 2007.2 -94.4685186170856 16.2178646591691
"60" 2007.29 -122.697718881753 16.3141709932901
"61" 2007.37 -82.1243495775486 15.8017922245476
"62" 2007.45 -87.226221530294 16.0038986493576
"63" 2007.54 -140.608363538731 15.6746706356718
"64" 2007.62 -158.281760673159 17.8466270717468
"65" 2007.7 -179.103610694388 18.7835178958337
"66" 2007.79 -180.55295001484 18.8892397474153
"67" 2007.87 -163.674813187856 19.6985211282214
"68" 2007.95 -148.760451093031 17.8545871201054
"69" 2008.04 -140.368352061621 16.9834222331204
"70" 2008.12 -115.655979468639 19.555118531606
"71" 2008.2 -139.989997814308 17.074506029352
"72" 2008.29 -121.205954968039 18.5911576653767
"73" 2008.37 -117.446819331751 17.2642440487795
"74" 2008.45 -111.951334763763 15.6028668703565
"75" 2008.54 -170.213898494648 17.0474966955127
"76" 2008.62 -212.281305244884 15.8933751586941
"77" 2008.7 -234.342400555386 16.7676741384265
"78" 2008.79 -209.945189669845 15.9928526458899
"79" 2008.87 -197.925010170747 18.3581489875215
"80" 2008.95 -202.094728664236 18.1324255859861
"81" 2009.04 -169.781434600366 17.7726402333457
"82" 2009.12 -193.383044089411 18.7097372934601
"83" 2009.2 -171.362591135556 18.2692843932389
"84" 2009.29 -182.358486049313 15.3445460801384
"85" 2009.37 -163.065619057642 15.2194943553727
"86" 2009.45 -171.037652980299 16.3501119060547
"87" 2009.54 -213.416593253775 19.4009939270265
"88" 2009.62 -279.013536583242 18.6129922291261
"89" 2009.7 -296.167946820339 18.2480916315349
"90" 2009.79 -278.685931493501 19.1399051223232
"91" 2009.87 -251.985620445628 18.4638010948621
"92" 2009.95 -243.589325570696 18.4653391622568
"93" 2010.04 -245.433685506575 18.7917745710322
"94" 2010.12 -235.495559667877 19.0540103726969
"95" 2010.2 -224.428995580799 18.9492729743587
"96" 2010.29 -217.371607332032 18.5740218715226
"97" 2010.37 -211.239901020128 18.379818853078
"98" 2010.45 -216.714088573678 19.9940797613834
"99" 2010.54 -279.09272109734 15.8428383561518
"100" 2010.62 -314.457273490309 14.3826763932569
"101" 2010.7 -335.755971886815 14.9291226284477
"102" 2010.79 -331.325120078236 15.1757575880185
"103" 2010.87 -334.214618359276 15.7674063560584
"104" 2010.95 -305.58493249623 16.9016661242808
"105" NA NA NA
"106" 2011.12 -285.546547408071 20.9094234514324
"107" 2011.2 -309.38942637619 15.9713341216392
"108" 2011.29 -275.428183588028 15.1076326208087
"109" 2011.37 -280.067270873148 14.568019433293
"110" NA NA NA
"111" 2011.54 -309.770479517622 16.3938805788725
"112" 2011.62 -357.100240430585 15.0271975976793
"113" 2011.7 -386.88485847479 14.6524790041769
"114" 2011.79 -370.402197967769 14.7338765606396
"115" 2011.87 -356.760434682828 16.3478477908187
"116" 2011.95 -329.376485374719 16.0293171629298
"117" 2012.04 -338.203133795932 13.8397009495675
"118" 2012.12 -328.550883096729 13.67006429414
"119" 2012.2 -322.643739037486 13.4849442142265
"120" 2012.29 -318.074323025144 15.0713025583379
"121" 2012.45 -309.194146738518 15.053951420749
"122" 2012.54 -363.011170861837 13.7162490611015
"123" 2012.62 -413.683290278465 12.2357296185747
"124" 2012.7 -408.937488817569 13.8656970585264
"125" NA NA NA
"126" 2012.87 -390.932710133752 14.7579736730858
"127" 2012.95 -364.896126995086 13.3528976194019
"128" 2013.04 -377.314299766689 12.8443971778229
"129" 2013.12 -400.548079520525 13.6192468904902
"130" NA NA NA
"131" 2013.29 -353.271924226461 15.7118033296435
"132" 2013.37 -329.665366870468 12.8488895178619
"133" 2013.45 -325.718207595425 13.4106224725028
"134" 2013.54 -381.333453189918 13.0157258098835
"135" NA NA NA
"136" 2013.79 -429.984035527753 13.6867084441957
"137" 2013.87 -390.467807319196 13.6531446688632
"138" 2013.95 -413.883370307993 13.8224704641494
"139" 2014.04 -390.977658370195 17.8570853485458
"140" 2014.2 -375.591536885425 12.1523898754565
"141" 2014.29 -376.387909127039 11.9674767443505
"142" 2014.37 -383.420803518387 11.3069686839504
"143" 2014.45 -372.907585123608 12.5287785688152
"144" NA NA NA
"145" 2014.62 -450.104993528019 10.8769721508044
"146" 2014.7 -454.025933922604 10.9691104201199
"147" 2014.79 -461.18476009188 10.482569468637
"148" 2014.87 -432.202194058762 10.5350984108169
"149" NA NA NA
"150" 2015.04 -411.854561790606 17.744851662539
"151" 2015.12 -416.746345811192 20.1200373637343
"152" 2015.2 -406.25956642624 10.3886094296863
"153" 2015.29 -429.075049524779 10.109369863483
"154" 2015.32 -430.604818091466 10.2900877558749
"155" NA NA NA
"156" 2015.54 -460.302340278148 11.5007432076276
"157" 2015.62 -480.898126451113 9.45980923766
"158" 2015.7 -465.680372670162 10.0708460928972
"159" NA NA NA
"160" 2015.95 -422.901143448168 12.0824206255903
"161" 2016.04 -422.517711292427 10.0137837335453
"162" 2016.12 -449.358893804988 9.7928523361095
"163" 2016.2 -435.862443795094 10.0799163164154
"164" NA NA NA
"165" 2016.37 -398.264045157978 10.8059424817038
"166" 2016.45 -430.968309643771 9.92905916198931
"167" 2016.54 -481.904789548581 9.84629921158383
"168" 2016.62 -543.989527945757 11.9029598143091
"169" NA NA NA
"170" 2016.87 -463.764085329004 14.3576873714723
"171" 2016.95 -433.609622891528 13.7507817394115
"172" 2017.04 -493.906727168002 15.5300041868647
"173" 2017.2 -497.946388766205 16.2214041068389
"174" 2017.29 -449.562037104136 15.0016064582645
"175" 2017.37 -471.366065890865 11.3988402059962
"176" 2017.45 -444.79129666096 18.1953532480145
"177" NA NA NA
"178" 2018.45 -461.814667985477 12.0608798496412
"179" 2018.54 -512.030775174075 14.2015873746309
"180" NA NA NA
"181" 2018.79 -569.733831944136 17.7514455231157
"182" 2018.87 -522.786951438099 12.6749792231957
"183" 2018.95 -504.727671071043 11.6779495117205
"184" 2019.04 -513.926667520632 12.0049222887578
"185" 2019.12 -528.783245354906 15.403436427731
"186" 2019.2 -525.100783897528 12.4442457347993
"187" 2019.29 -518.127825319094 12.6909909507816
"188" 2019.37 -517.906988154375 11.6933905975536
"189" 2019.45 -538.31756502152 11.5440745563388
"190" 2019.54 -569.369211908781 11.5332650232126
"191" 2019.62 -620.819675173477 11.8243697711867
"192" 2019.7 -618.152049778986 13.0609885281837
"193" 2019.79 -610.944734530381 12.085760830075
"194" 2019.87 -599.639176221889 12.6895576886637
"195" 2019.95 -601.559001504682 12.634586066026
"196" 2020.04 -584.892815116145 14.2063616018522
"197" 2020.12 -594.685763165453 15.1188384312626
"198" 2020.2 -568.162887115823 12.9412203812694
"199" 2020.29 -545.402088459082 12.979032896689
"200" 2020.37 -558.956792068338 12.8404690525541
"201" 2020.45 -578.733692027475 13.0752669999215
"202" 2020.54 -659.025384743166 13.1313155530321
"203" 2020.62 -673.225000543272 13.1314698468164
"204" 2020.7 -707.449897043929 13.0843043806136
"205" 2020.79 -661.908033168502 12.8741637327601
"206" 2020.87 -658.285510328284 13.7931753855391
"207" 2020.95 -635.877607081826 13.4871215531678
"208" 2021.04 -606.614321219329 13.2479286893822
"209" 2021.12 -606.744608863186 13.6580854775957
"210" 2021.2 -586.539498939149 12.7299771330766
"211" 2021.29 -610.491083987354 12.4879825468357
"212" 2021.37 -603.791477299247 12.8384344720931
"213" 2021.45 -604.466777871784 13.4110958663733
"214" 2021.54 -616.898555275816 12.7283142975874
"215" 2021.62 -658.618265260217 12.4683927788984
"216" 2021.7 -675.568229434144 12.5703718737591
"217" 2021.79 -661.937229434144 12.6133663036533
